DisplayIndex=1
Millinits,Brightness
2931,0
3073,0
3215,1
3358,1
3500,1
3642,1
3785,2
3927,2
4069,2
4212,2
4354,3
4497,3
4639,3
4782,3
4924,4
5067,4
5638,5
6066,6
6638,7
7209,8
7782,9
8355,10
9071,11
9789,12
10363,13
11081,14
11801,16
12689,17
13401,18
14291,19
15003,20
15894,21
16786,23
17679,24
18572,25
19466,26
20540,28
21436,29
22511,31
23409,32
24486,33
25565,35
26644,36
27725,38
28807,39
30070,41
31154,43
32420,44
33688,46
34775,48
36130,49
37487,50
38572,51
39929,52
41287,54
42645,55
44004,56
45364,57
46724,59
48357,60
49718,61
51080,63
52716,64
54079,65
55716,67
57353,68
58719,70
60358,71
61998,73
63639,74
65281,76
66923,77
68567,79
70364,80
72075,81
73788,82
75500,83
77214,84
78929,85
81074,86
82791,87
84509,88
86658,89
88378,90
90099,91
92252,93
93975,94
96130,95
97856,96
100014,97
102173,98
103902,99
106064,101
108227,102
110392,103
112126,104
114293,105
116463,107
118633,108
120805,109
122979,110
125154,112
127546,113
129576,114
132117,115
134151,116
136696,117
138735,118
141285,120
143327,121
145882,122
148441,123
150489,124
153052,125
155618,127
158187,128
160244,129
162817,130
165394,131
167973,133
170555,134
173140,135
175728,136
178318,138
180911,139
183507,140
186106,141
188708,143
191312,144
193919,145
196509,146
199268,147
202030,148
204795,149
207561,150
210331,151
213102,152
215876,153
218652,154
221431,155
224908,156
227692,157
230478,158
233267,159
236058,160
238852,161
242347,163
245146,164
247948,165
251453,166
254260,167
257069,168
259880,169
263398,170
266215,171
269740,172
272562,173
275478,174
278672,175
281870,176
285072,177
288279,178
291490,179
294706,180
297926,181
301150,182
304379,183
308422,184
311660,185
314904,186
318151,187
321404,188
324660,189
327921,190
332004,192
335275,193
338550,194
341830,195
345114,196
349225,197
352520,198
355818,199
359121,200
363256,201
366569,202
369886,203
374300,204
377882,205
381463,206
385043,206
388622,207
392199,208
395775,209
399350,209
402924,210
406496,211
411258,212
414827,213
418396,213
421963,214
425529,215
429094,216
433845,217
437407,217
440967,218
445713,219
449271,220
452827,221
456383,221
461121,222
464674,223
468225,224
472958,225
476506,226
481236,227
484781,227
488326,228
493049,229
496591,230
501311,231
504850,232
509566,233
513102,233
517147,234
522212,235
525588,235
530648,236
534021,237
539077,237
542447,238
547499,239
552548,239
555913,240
560958,241
564320,241
569361,242
572720,242
577756,243
582790,244
586144,244
591174,245
594525,246
599550,246
604572,247
607919,248
612937,248
617952,249
622965,250
626305,250
631313,251
636319,252
639655,252
644656,253
649654,254
654650,255
657980,255